{"cells":[{"cell_type":"markdown","metadata":{},"source":["# Práctica 5: Ejercicio para entregar. \n","## Dot Product Similarity Matrix\n","\n","Una clase de matrices que aparencen de manera recurrente en varias aplicaciones\n","de Machine Learning son matrices S que toman la forma $S = DD^T$, donde D es una \n","matriz de datos de tamaño $nxd$ y $D^T$ es su traspuesta.\n","En este ejercicio practicaremos el manejo de este tipo de matrices haciendo uso \n","del módulo Numpy de Python. "]},{"cell_type":"markdown","metadata":{},"source":["Introduce una matriz D de 4 filas y 8 columnas de modo que la primera fila \n","contenga tu número de DNI y el resto de filas números de DNI de algunos \n","familiares tuyos.\n","Imprime también por pantalla la matriz D"]},{"cell_type":"code","execution_count":1,"metadata":{},"outputs":[],"source":["import numpy as np"]},{"cell_type":"code","execution_count":2,"metadata":{},"outputs":[{"name":"stdout","output_type":"stream","text":["D = \n"," [[2 6 6 4 9 1 1 0]\n"," [2 2 9 8 5 6 3 0]\n"," [2 2 9 9 0 7 1 3]\n"," [2 6 6 4 9 1 1 2]]\n"]}],"source":["# Completar aquí\n","D = np.array([\n","    [2, 6, 6, 4, 9, 1, 1, 0],\n","    [2, 2, 9, 8, 5, 6, 3, 0],\n","    [2, 2, 9, 9, 0, 7, 1, 3],\n","    [2, 6, 6, 4, 9, 1, 1, 2]]\n",")\n","print(f\"D = \\n {D}\")\n","# --------------------\n"]},{"cell_type":"markdown","metadata":{},"source":["Calcula, usando las dos formas estudiadas en clase, e imprime por pantalla \n","la matriz $S = DD^T$"]},{"cell_type":"code","execution_count":3,"metadata":{},"outputs":[{"name":"stdout","output_type":"stream","text":["S = \n"," [[175 156 114 175]\n"," [156 223 206 156]\n"," [114 206 229 120]\n"," [175 156 120 179]]\n"]}],"source":["# Completar aquí\n","Dt = D.T\n","s = D.dot(Dt)\n","print(f\"S = \\n {s}\")\n","# --------------------\n"]},{"cell_type":"markdown","metadata":{},"source":["Introduce un vector b no nulo de dimensión 4, el que quieras, y calcula, de las \n","dos formas que vimos en clase, el producto de S y b, es decir, S*b.\n","Calcula también b*S. Compara los resultados de S*b y b*S. \n","¿Qué explicación encuentras de ambos resultados? "]},{"cell_type":"code","execution_count":5,"metadata":{},"outputs":[{"name":"stdout","output_type":"stream","text":["Sb = \n"," [1529 1844 1693 1563]\n","bS = \n"," [1529 1844 1693 1563]\n"]},{"data":{"text/plain":["array([ True,  True,  True,  True])"]},"execution_count":5,"metadata":{},"output_type":"execute_result"}],"source":["# Completar aquí\n","b = np.array([1, 2, 3, 4])\n","Sb = s.dot(b)\n","bS = b @ s\n","print(f\"Sb = \\n {Sb}\")\n","print(f\"bS = \\n {bS}\")\n","Sb == bS\n","# En ambos casos el resultado es el mismo porque en el ordenador da igual el \n","# orden, pues se van a calcular igual.\n","# --------------------\n"]},{"cell_type":"markdown","metadata":{},"source":["Introduce un escalar a, número real, y calcula a*S"]},{"cell_type":"code","execution_count":null,"metadata":{},"outputs":[{"name":"stdout","output_type":"stream","text":["a · S = \n"," [[ 875  780  570  875]\n"," [ 780 1115 1030  780]\n"," [ 570 1030 1145  600]\n"," [ 875  780  600  895]]\n"]}],"source":["# Completar aquí\n","a = 5\n","aS = a * s\n","print(f\"a · S = \\n {aS}\")\n","# --------------------\n"]},{"cell_type":"markdown","metadata":{},"source":["Calcula el producto de Hadamard de S y S. \n","Calcula, componente a componente de S dividido por S."]},{"cell_type":"code","execution_count":null,"metadata":{},"outputs":[{"name":"stdout","output_type":"stream","text":["S · S = \n"," [[30625 24336 12996 30625]\n"," [24336 49729 42436 24336]\n"," [12996 42436 52441 14400]\n"," [30625 24336 14400 32041]]\n","S / S = \n"," [[1. 1. 1. 1.]\n"," [1. 1. 1. 1.]\n"," [1. 1. 1. 1.]\n"," [1. 1. 1. 1.]]\n"]}],"source":["# Completar aquí\n","print(f\"S · S = \\n {s**2}\")\n","print(f\"S / S = \\n {s / s}\")\n","# --------------------\n"]},{"cell_type":"markdown","metadata":{},"source":["Comprueba que S es simétrica utilizando un operador Booleano"]},{"cell_type":"code","execution_count":null,"metadata":{},"outputs":[{"name":"stdout","output_type":"stream","text":["S^T = \n"," [[175 156 114 175]\n"," [156 223 206 156]\n"," [114 206 229 120]\n"," [175 156 120 179]]\n"]},{"data":{"text/plain":["array([[ True,  True,  True,  True],\n","       [ True,  True,  True,  True],\n","       [ True,  True,  True,  True],\n","       [ True,  True,  True,  True]])"]},"execution_count":11,"metadata":{},"output_type":"execute_result"}],"source":["# Completar aquí\n","st = s.T\n","print(f\"S^T = \\n {st}\")\n","s == st\n","# La matriz S es simétrica porque coincide con su traspuesta.\n","# --------------------\n"]},{"cell_type":"markdown","metadata":{},"source":["Calcula las partes triangular inferior y superior de D.\n"]},{"cell_type":"code","execution_count":null,"metadata":{},"outputs":[{"name":"stdout","output_type":"stream","text":["Triangular inferior de D = \n"," [[2 0 0 0 0 0 0 0]\n"," [2 2 0 0 0 0 0 0]\n"," [2 2 9 0 0 0 0 0]\n"," [2 6 6 4 0 0 0 0]]\n","Triangular superior de D = \n"," [[2 6 6 4 9 1 1 0]\n"," [0 2 9 8 5 6 3 0]\n"," [0 0 9 9 0 7 1 3]\n"," [0 0 0 4 9 1 1 2]]\n"]}],"source":["\n","# Completar aquí\n","L = np.tril(D)\n","print(f\"Triangular inferior de D = \\n {L}\")\n","U = np.triu(D)\n","print(f\"Triangular superior de D = \\n {U}\")\n","# --------------------\n"]},{"cell_type":"markdown","metadata":{},"source":["Extrae la diagonal de S y genera una matriz diagonal con la diagonal de S"]},{"cell_type":"code","execution_count":null,"metadata":{},"outputs":[{"name":"stdout","output_type":"stream","text":["Diagonal de S = \n"," [175 223 229 179]\n","Matriz con la diagonal de S = \n"," [[175   0   0   0]\n"," [  0 223   0   0]\n"," [  0   0 229   0]\n"," [  0   0   0 179]]\n"]}],"source":["# Completar aquí\n","d = np.diag(s)\n","print(f\"Diagonal de S = \\n {d}\")\n","D = np.diag(d)\n","print(f\"Matriz con la diagonal de S = \\n {D}\")\n","# --------------------\n"]},{"cell_type":"markdown","metadata":{},"source":["Calcula la inversa de S, su traza, su determinante, su rango, su norma de Frobenius y su número de condicionamiento"]},{"cell_type":"code","execution_count":null,"metadata":{},"outputs":[{"name":"stdout","output_type":"stream","text":["Inversa de S = \n"," [[ 0.50542852 -0.16327184  0.12275813 -0.4341372 ]\n"," [-0.16327184  0.10890768 -0.07799983  0.11699974]\n"," [ 0.12275813 -0.07799983  0.06272525 -0.09408788]\n"," [-0.4341372   0.11699974 -0.09408788  0.39113182]]\n","Traza de S = 806\n","Determinante de S = 936719.999999999\n","Rango de S = 4\n","Norma de Frobenius de S = 680.5101027905464\n","Número de condicionamiento de S = 660.4430453104741\n"]}],"source":["# Completar aquí\n","print(f\"Inversa de S = \\n {np.linalg.inv(s)}\")\n","print(f\"Traza de S = {np.trace(s)}\")\n","print(f\"Determinante de S = {np.linalg.det(s)}\")\n","print(f\"Rango de S = {np.linalg.matrix_rank(s)}\")\n","print(f\"Norma de Frobenius de S = {np.linalg.norm(s, 'fro')}\")\n","print(f\"Número de condicionamiento de S = {np.linalg.cond(s, 'fro')}\")\n","# --------------------\n"]}],"metadata":{"kernelspec":{"display_name":"Python 3.9.12 ('base')","language":"python","name":"python3"},"language_info":{"codemirror_mode":{"name":"ipython","version":3},"file_extension":".py","mimetype":"text/x-python","name":"python","nbconvert_exporter":"python","pygments_lexer":"ipython3","version":"3.9.12"},"orig_nbformat":4,"vscode":{"interpreter":{"hash":"92ad534bca2326751c2f5722ba22922b33dc52d08b3797a5404dfb2c21ce7615"}}},"nbformat":4,"nbformat_minor":2}
