{"cells":[{"cell_type":"markdown","metadata":{},"source":["# Práctica 11: Ejercicio para entregar. \n","## Factorización SVD y aplicación a PCA (Principal Component Analysis)\n"]},{"cell_type":"markdown","metadata":{},"source":["En este ejercicio practicaremos el uso de la descomposición en valores singulares (SVD) en el llamado Análisis de Componentes Principales (PCA por sus siglas en inglés). De hecho, PCA es tal importancia en **Data Science**  que el módulo de Python, dedicado al **Machine Learning** tiene implementado el método **pca()** para realizar dicho análisis.\n","\n"]},{"cell_type":"markdown","metadata":{},"source":["Introduce una matriz **A** de tamaño $5\\times 7$ con entradas aleatorias\n","\n"]},{"cell_type":"code","execution_count":2,"metadata":{},"outputs":[],"source":["import numpy as np"]},{"cell_type":"code","execution_count":3,"metadata":{},"outputs":[{"name":"stdout","output_type":"stream","text":["A = \n"," [[ 1.23863004  1.13036074  0.77791546 -0.40285599 -0.26182464  1.2234603\n","   0.23830111]\n"," [-1.08004111 -1.46921466  1.6881494   0.6622768   0.27364674  0.31449394\n","  -1.36098222]\n"," [-0.78898415 -0.75349715  0.26477929 -0.40908658  0.20381173 -1.05459886\n","   0.55535651]\n"," [ 0.19950072 -0.04633745  0.02862858  1.38638292 -1.06857968  0.53422688\n","  -2.63473605]\n"," [ 1.03617141 -1.29986596 -0.7013159  -0.58330851  2.01386672  0.28184532\n","  -0.65837888]]\n"]}],"source":["# Completar aquí\n","A = np.random.randn(5, 7)\n","print(f\"A = \\n {A}\")\n","# --------------------\n"]},{"cell_type":"markdown","metadata":{},"source":["Calcula la media de las entradas de cada columna en la matriz $A^T$. Esto se hace con el método **mean()** de **numpy**. Lo puedes ver en [numpy.mean() API](https://docs.scipy.org/doc/numpy-1.13.0/reference/generated/numpy.mean.html)"]},{"cell_type":"code","execution_count":4,"metadata":{},"outputs":[{"name":"stdout","output_type":"stream","text":["[ 0.12105538 -0.48771089  0.41163137  0.13068173  0.23218417  0.25988551\n"," -0.77208791]\n"]}],"source":["# Completar aquí\n","M = np.mean(A, axis=0)\n","print(M)\n","# --------------------\n"]},{"cell_type":"markdown","metadata":{},"source":["Mediante una operación tipo **broadcasting** calcula $C = A - M$"]},{"cell_type":"code","execution_count":5,"metadata":{},"outputs":[{"name":"stdout","output_type":"stream","text":["C = \n"," [[ 1.11757466  1.61807164  0.3662841  -0.53353771 -0.49400881  0.96357478\n","   1.01038902]\n"," [-1.20109649 -0.98150376  1.27651803  0.53159507  0.04146256  0.05460842\n","  -0.58889431]\n"," [-0.91003953 -0.26578625 -0.14685208 -0.53976831 -0.02837244 -1.31448438\n","   1.32744442]\n"," [ 0.07844533  0.44137344 -0.38300278  1.25570119 -1.30076386  0.27434137\n","  -1.86264815]\n"," [ 0.91511603 -0.81215506 -1.11294727 -0.71399023  1.78168255  0.0219598\n","   0.11370903]]\n"]}],"source":["# Completar aquí\n","C = A - M\n","print(f\"C = \\n {C}\")\n","# --------------------\n"]},{"cell_type":"markdown","metadata":{},"source":["En Estadística, dada una matriz de datos $C$, se introduce el concepto de **matriz de covarianza** (lo veréis en las asignaturas de Estadística), que trata de medir la correlación de los datos contenidos en columnas distintas. En Python se calcula escribiendo **D = np.cov(C.T)**. Puedes verlo en [numpy.cov() API](https://docs.scipy.org/doc/numpy-1.13.0/reference/generated/numpy.cov.html)\n","\n","Calcula la matriz de covarianza de la matriz $C$ anterior. Verás que te sale una matriz simétrica."]},{"cell_type":"code","execution_count":6,"metadata":{},"outputs":[{"name":"stdout","output_type":"stream","text":["D = \n"," [[ 1.09084222  0.63012004 -0.50968774 -0.32460868  0.23808379  0.56228152\n","   0.14660452]\n"," [ 0.63012004  1.12663854  0.0284091  -0.02687447 -0.71340536  0.48953969\n","   0.23639863]\n"," [-0.50968774  0.0284091   0.79264265  0.21903171 -0.40214396  0.12154298\n","   0.00256613]\n"," [-0.32460868 -0.02687447  0.21903171  0.73629329 -0.65113662  0.1383137\n","  -0.99719075]\n"," [ 0.23808379 -0.71340536 -0.40214396 -0.65113662  1.27823704 -0.18854576\n","   0.51605945]\n"," [ 0.56228152  0.48953969  0.12154298  0.1383137  -0.18854576  0.68376826\n","  -0.32799564]\n"," [ 0.14660452  0.23639863  0.00256613 -0.99719075  0.51605945 -0.32799564\n","   1.65304475]]\n"]}],"source":["# Completar aquí\n","D = np.cov(C.T)\n","print(f\"D = \\n {D}\")\n","# --------------------\n"]},{"cell_type":"markdown","metadata":{},"source":["Calcula la factorización **SVD** de la matriz $D$ anterior.\n","\n"]},{"cell_type":"code","execution_count":7,"metadata":{},"outputs":[{"name":"stdout","output_type":"stream","text":["U = \n"," [[-0.1771092   0.57100415  0.4099557   0.05278418  0.58638893  0.31712798\n","   0.16527134]\n"," [ 0.09682082  0.65530044 -0.26418732 -0.1634272  -0.59138691  0.19007512\n","   0.28077864]\n"," [ 0.19753955 -0.10040897 -0.48026909  0.69786233  0.15397773  0.43149631\n","   0.15273415]\n"," [ 0.48905757 -0.09274477  0.08433994 -0.05704323  0.18444075 -0.38918324\n","   0.74590346]\n"," [-0.51682439 -0.23949876  0.42944665  0.36083905 -0.41514579  0.07182959\n","   0.42825008]\n"," [ 0.15138786  0.39005727  0.18504874  0.59131636 -0.11815521 -0.58051456\n","  -0.30013524]\n"," [-0.62532644  0.12785818 -0.55290351 -0.01948747  0.24975052 -0.42835965\n","   0.20166746]]\n","s = [2.94296325e+00 2.27340232e+00 1.52058545e+00 6.24515727e-01\n"," 2.95739231e-16 1.99152407e-16 2.19369200e-18]\n","V = \n"," [[-0.1771092   0.09682082  0.19753955  0.48905757 -0.51682439  0.15138786\n","  -0.62532644]\n"," [ 0.57100415  0.65530044 -0.10040897 -0.09274477 -0.23949876  0.39005727\n","   0.12785818]\n"," [ 0.4099557  -0.26418732 -0.48026909  0.08433994  0.42944665  0.18504874\n","  -0.55290351]\n"," [ 0.05278418 -0.1634272   0.69786233 -0.05704323  0.36083905  0.59131636\n","  -0.01948747]\n"," [ 0.64649369 -0.52305677  0.26329532  0.04837341 -0.39071356 -0.26611315\n","   0.11541149]\n"," [-0.0313147  -0.167211   -0.24202146  0.74179373  0.04912123  0.30089747\n","   0.51891749]\n"," [ 0.22978696  0.40392545  0.3245414   0.43503565  0.45368895 -0.52885108\n","  -0.06278465]]\n"]}],"source":["# Completar aquí\n","from scipy.linalg import svd\n","U, s, V = svd(D)\n","print(f\"U = \\n {U}\")\n","print(f\"s = {s}\")\n","print(f\"V = \\n {V}\")\n","# --------------------\n"]},{"cell_type":"markdown","metadata":{},"source":["A partir de los valores singulares, construye la matriz **Sigma** de la descomposición **SVD**"]},{"cell_type":"code","execution_count":8,"metadata":{},"outputs":[{"name":"stdout","output_type":"stream","text":["Sigma = \n"," [[2.94296325e+00 0.00000000e+00 0.00000000e+00 0.00000000e+00\n","  0.00000000e+00 0.00000000e+00 0.00000000e+00]\n"," [0.00000000e+00 2.27340232e+00 0.00000000e+00 0.00000000e+00\n","  0.00000000e+00 0.00000000e+00 0.00000000e+00]\n"," [0.00000000e+00 0.00000000e+00 1.52058545e+00 0.00000000e+00\n","  0.00000000e+00 0.00000000e+00 0.00000000e+00]\n"," [0.00000000e+00 0.00000000e+00 0.00000000e+00 6.24515727e-01\n","  0.00000000e+00 0.00000000e+00 0.00000000e+00]\n"," [0.00000000e+00 0.00000000e+00 0.00000000e+00 0.00000000e+00\n","  2.95739231e-16 0.00000000e+00 0.00000000e+00]\n"," [0.00000000e+00 0.00000000e+00 0.00000000e+00 0.00000000e+00\n","  0.00000000e+00 1.99152407e-16 0.00000000e+00]\n"," [0.00000000e+00 0.00000000e+00 0.00000000e+00 0.00000000e+00\n","  0.00000000e+00 0.00000000e+00 2.19369200e-18]]\n"]}],"source":["# Completar aquí\n","Sigma = np.zeros((D.shape[0], D.shape[1]))\n","Sigma[:D.shape[0], :D.shape[0]] = np.diag(s)\n","print(f\"Sigma = \\n {Sigma}\")\n","# --------------------\n"]},{"cell_type":"markdown","metadata":{},"source":["Extrae la información de los datos originales asociados a los $4$ primeros valores singulares"]},{"cell_type":"code","execution_count":10,"metadata":{},"outputs":[{"name":"stdout","output_type":"stream","text":["Sigma reducida = \n"," [[2.94296325 0.         0.         0.        ]\n"," [0.         2.27340232 0.         0.        ]\n"," [0.         0.         1.52058545 0.        ]\n"," [0.         0.         0.         0.62451573]\n"," [0.         0.         0.         0.        ]\n"," [0.         0.         0.         0.        ]\n"," [0.         0.         0.         0.        ]]\n","T = \n"," [[-0.52122586  1.29812216  0.62337267  0.03296455]\n"," [ 0.28494011  1.48976153 -0.4017194  -0.10206286]\n"," [ 0.58135164 -0.22826999 -0.73029019  0.435826  ]\n"," [ 1.43927845 -0.21084617  0.12824609 -0.03562439]\n"," [-1.52099518 -0.54447704  0.65301033  0.22534966]\n"," [ 0.44552892  0.88675711  0.28138242  0.36928637]\n"," [-1.84031272  0.29067309 -0.84073703 -0.01217023]]\n"]}],"source":["# Completar aquí\n","n_componentes = 4\n","Sigma = Sigma[:, :n_componentes]\n","print(f\"Sigma reducida = \\n {Sigma}\")\n","\n","T = U.dot(Sigma)\n","print(f\"T = \\n {T}\") \n","# T reemplaza a la matriz original D pues contiene la escala de los datos de D.\n","# --------------------\n"]},{"cell_type":"markdown","metadata":{},"source":["Todo este proceso que hemos realizado desde el principio y paso a paso (from scratch, que dicen en inglés) está integrado en el módulo **scikit-learn** de Python. En concreto, en el método **pca**.\n","Quizás será así como lo usaréis en las asignaturas de **Machine Learning**.\n","Más información en [sklearn.decomposition.PCA API](http://scikit-learn.org/stable/modules/generated/sklearn.decomposition.PCAhtml)"]}],"metadata":{"kernelspec":{"display_name":"Python 3.9.12 ('base')","language":"python","name":"python3"},"language_info":{"codemirror_mode":{"name":"ipython","version":3},"file_extension":".py","mimetype":"text/x-python","name":"python","nbconvert_exporter":"python","pygments_lexer":"ipython3","version":"3.9.12 (main, Apr  4 2022, 05:22:27) [MSC v.1916 64 bit (AMD64)]"},"orig_nbformat":4,"vscode":{"interpreter":{"hash":"92ad534bca2326751c2f5722ba22922b33dc52d08b3797a5404dfb2c21ce7615"}}},"nbformat":4,"nbformat_minor":2}
