{"cells":[{"cell_type":"markdown","metadata":{"id":"cQiOljH2kVxS"},"source":["# Práctica 5: Ejercicio para entregar.\n","## Dot Product Similarity Matrix\n","\n","Una clase de matrices que aparencen de manera recurrente en varias aplicaciones\n","de Machine Learning son matrices S que toman la forma S = DD^T, donde D es una\n","matriz de datos de tamaño nxd y D^T es su traspuesta.\n","En este ejercicio practicaremos el manejo de este tipo de matrices haciendo uso\n","del módulo Numpy de Python."]},{"cell_type":"markdown","metadata":{"id":"XBQWPCj2kVxV"},"source":["Introduce una matriz D de 4 filas y 8 columnas de modo que la primera fila\n","contenga tu número de DNI y el resto de filas números de DNI de algunos\n","familiares tuyos.\n","Imprime también por pantalla la matriz D"]},{"cell_type":"code","execution_count":null,"metadata":{"id":"CI12qdb3kVxW"},"outputs":[],"source":["import numpy as np"]},{"cell_type":"code","execution_count":null,"metadata":{"id":"Oox2nssqkVxX","outputId":"2ddce691-8f57-4dde-f4f0-ec924fb12b5d"},"outputs":[{"name":"stdout","output_type":"stream","text":["D =\n","[[2 6 6 4 9 1 1 0]\n"," [3 6 4 7 9 5 1 0]\n"," [4 5 3 8 8 1 2 6]\n"," [7 6 4 1 1 9 4 1]]\n"]}],"source":["# Completar aquí\n","D = np.array([\n","    [2,6,6,4,9,1,1,0],\n","    [3,6,4,7,9,5,1,0],\n","    [4,5,3,8,8,1,2,6],\n","    [7,6,4,1,1,9,4,1]\n","])\n","print(f\"D =\\n{D}\")\n","# --------------------\n"]},{"cell_type":"markdown","metadata":{"id":"yWcoNF5ZkVxX"},"source":["Calcula, usando las dos formas estudiadas en clase, e imprime por pantalla\n","la matriz S = DD^T"]},{"cell_type":"code","execution_count":null,"metadata":{"id":"MhibnxaykVxY","outputId":"2a760417-62c2-45f8-acd1-4c80eb69a698"},"outputs":[{"name":"stdout","output_type":"stream","text":["S = \n"," [[175 181 163 100]\n"," [181 217 189 138]\n"," [163 189 219 109]\n"," [100 138 109 201]]\n"]}],"source":["# Completar aquí\n","S = D.dot(D.T)\n","print(f\"S = \\n {S}\")\n","# --------------------\n"]},{"cell_type":"markdown","metadata":{"id":"TiVVova6kVxY"},"source":["Introduce un vector b no nulo de dimensión 4, el que quieras, y calcula, de las\n","dos formas que vimos en clase, el producto de S y b, es decir, S*b.\n","Calcula también b*S. Compara los resultados de S*b y b*S.\n","¿Qué explicación encuentras de ambos resultados?"]},{"cell_type":"code","execution_count":null,"metadata":{"id":"hk1b4uRykVxY","outputId":"a29c044a-20b1-485e-acc4-fd9751eb515b"},"outputs":[{"name":"stdout","output_type":"stream","text":["Sb = \n"," [[ 175  724  815  300]\n"," [ 181  868  945  414]\n"," [ 163  756 1095  327]\n"," [ 100  552  545  603]]\n","bS = \n"," [[ 175  724  815  300]\n"," [ 181  868  945  414]\n"," [ 163  756 1095  327]\n"," [ 100  552  545  603]]\n"]}],"source":["# Completar aquí\n","b = np.array([1,4,5,3])\n","print(f\"Sb = \\n {S * b}\")\n","print(f\"bS = \\n {b * S}\")\n","# Los resultados son los mismos debido a la propiedad distributiva donde S*b=b*S\n","# --------------------\n"]},{"cell_type":"markdown","metadata":{"id":"cRpMBt9rkVxZ"},"source":["Introduce un escalar a, número real, y calcula a*S"]},{"cell_type":"code","execution_count":null,"metadata":{"id":"hoAaU5vekVxZ","outputId":"962f20b4-a182-4c4f-86e6-12c38b427193"},"outputs":[{"name":"stdout","output_type":"stream","text":["a*S = \n","[[1750 1810 1630 1000]\n"," [1810 2170 1890 1380]\n"," [1630 1890 2190 1090]\n"," [1000 1380 1090 2010]]\n"]}],"source":["# Completar aquí\n","a = 10\n","print(f\"a*S = \\n{a*S}\")\n","# --------------------\n"]},{"cell_type":"markdown","metadata":{"id":"oo9DXc3okVxZ"},"source":["Calcula el producto de Hadamard de S y S.\n","Calcula, componente a componente de S dividido por S."]},{"cell_type":"code","execution_count":null,"metadata":{"id":"CTL6N1lZkVxZ","outputId":"e323f96c-6d82-4f11-e8cf-8128cbf048bc"},"outputs":[{"name":"stdout","output_type":"stream","text":["S*S = \n","[[30625 32761 26569 10000]\n"," [32761 47089 35721 19044]\n"," [26569 35721 47961 11881]\n"," [10000 19044 11881 40401]]\n","S/S = \n","[[1. 1. 1. 1.]\n"," [1. 1. 1. 1.]\n"," [1. 1. 1. 1.]\n"," [1. 1. 1. 1.]]\n"]}],"source":["# Completar aquí\n","print(f\"S*S = \\n{S*S}\")\n","print(f\"S/S = \\n{S/S}\")\n","# --------------------\n"]},{"cell_type":"markdown","metadata":{"id":"T1DQUR09kVxa"},"source":["Comprueba que S es simétrica utilizando un operador Booleano"]},{"cell_type":"code","execution_count":null,"metadata":{"id":"4hh4SMq9kVxa","outputId":"cb966c43-a8a1-4521-8e03-b9c72b5afad7"},"outputs":[{"name":"stdout","output_type":"stream","text":["¿S es simétrica? \n","[[ True  True  True  True]\n"," [ True  True  True  True]\n"," [ True  True  True  True]\n"," [ True  True  True  True]]\n"]}],"source":["# Completar aquí\n","print(f\"¿S es simétrica? \\n{S == S.T}\")\n","# --------------------\n"]},{"cell_type":"markdown","metadata":{"id":"qGaduLiakVxa"},"source":["Calcula las partes triangular inferior y superior de D.\n"]},{"cell_type":"code","execution_count":null,"metadata":{"id":"dsRVB76MkVxa","outputId":"b3a1f8b3-e713-4df8-942b-b56ffe8516d7"},"outputs":[{"name":"stdout","output_type":"stream","text":["Triangular inferior de D = \n","[[2 0 0 0 0 0 0 0]\n"," [3 6 0 0 0 0 0 0]\n"," [4 5 3 0 0 0 0 0]\n"," [7 6 4 1 0 0 0 0]]\n","Triangular superior de D = \n","[[2 6 6 4 9 1 1 0]\n"," [0 6 4 7 9 5 1 0]\n"," [0 0 3 8 8 1 2 6]\n"," [0 0 0 1 1 9 4 1]]\n"]}],"source":["\n","# Completar aquí\n","print(f\"Triangular inferior de D = \\n{np.tril(D)}\")\n","print(f\"Triangular superior de D = \\n{np.triu(D)}\")\n","# --------------------\n"]},{"cell_type":"markdown","metadata":{"id":"EGwOTpC1kVxa"},"source":["Extrae la diagonal de S y genera una matriz diagonal con la diagonal de S"]},{"cell_type":"code","execution_count":null,"metadata":{"id":"fuV5Zq4rkVxa","outputId":"a8b51cb4-1920-464b-b099-aadfcfee160f"},"outputs":[{"name":"stdout","output_type":"stream","text":["[175 217 219 201]\n","[[175   0   0   0]\n"," [  0 217   0   0]\n"," [  0   0 219   0]\n"," [  0   0   0 201]]\n"]}],"source":["# Completar aquí\n","d = np.diag(S)\n","x = np.diag(d)\n","print(d)\n","print(x)\n","# --------------------\n"]},{"cell_type":"markdown","metadata":{"id":"PB2pSKXpkVxa"},"source":["Calcula la inversa de S, su traza, su determinante, su rango, su norma de Frobenius y su número de condicionamiento"]},{"cell_type":"code","execution_count":null,"metadata":{"id":"3SlCVakekVxa","outputId":"b41df48a-3dcc-47ff-dee1-ef653173ffe7"},"outputs":[{"name":"stdout","output_type":"stream","text":["Inversa de S = \n"," [[ 0.04601371 -0.03916935 -0.00333495  0.0058085 ]\n"," [-0.03916935  0.05788966 -0.01468774 -0.01229291]\n"," [-0.00333495 -0.01468774  0.01901025  0.00143425]\n"," [ 0.0058085  -0.01229291  0.00143425  0.00974745]]\n","Traza de S = 812\n","Determinante de S = 28453801.999999978\n","Rango de S = 4\n","Norma de Frobenius de S = 661.8368378988888\n","Número de condicionamiento de S = 6.499819743637441\n"]}],"source":["# Completar aquí\n","print(f\"Inversa de S = \\n {np.linalg.inv(S)}\")\n","print(f\"Traza de S = {np.trace(S)}\")\n","print(f\"Determinante de S = {np.linalg.det(S)}\")\n","print(f\"Rango de S = {np.linalg.matrix_rank(S)}\")\n","print(f\"Norma de Frobenius de S = {np.linalg.norm(S, 'fro')}\")\n","print(f\"Número de condicionamiento de S = {np.linalg.cond(S, 'fro') * np.linalg.norm(np.linalg.inv(S), 'fro')}\")\n","# --------------------\n"]}],"metadata":{"colab":{"provenance":[]},"interpreter":{"hash":"c9e6f42c9bf154cf9b9e87541e517fa2c69e39349a7d6df0c90be082366bd360"},"kernelspec":{"display_name":"Python 3.8.5 ('base')","language":"python","name":"python3"},"language_info":{"codemirror_mode":{"name":"ipython","version":3},"file_extension":".py","mimetype":"text/x-python","name":"python","nbconvert_exporter":"python","pygments_lexer":"ipython3","version":"3.11.0"},"orig_nbformat":4},"nbformat":4,"nbformat_minor":0}
